341.39 1210.37
347.38 1197.76
353.36 1186.40
359.97 1172.84
365.01 1159.28
371.00 1143.52
377.61 1132.79
384.22 1120.81
392.41 1107.25
402.81 1094.95
409.73 1086.43
418.55 1076.96
425.17 1067.82
434.93 1058.98
445.32 1049.20
458.24 1045.09
470.83 1041.61
483.12 1041.92
494.45 1044.11
501.70 1048.21
509.89 1055.13
515.55 1061.43
519.33 1068.36
520.28 1077.50
517.44 1086.33
511.46 1092.64
504.53 1095.49
492.88 1095.18
481.86 1091.09
473.67 1085.43
463.90 1076.61
455.09 1068.11
450.99 1056.13
447.21 1041.32
446.90 1030.92
447.21 1017.99
449.73 1006.01
454.77 990.88
458.55 981.10
462.33 968.17
464.22 954.30
466.74 943.27
466.74 930.98
467.68 918.68
468.63 904.50
469.89 889.05
470.52 875.18
470.52 859.73
471.15 847.12
470.83 833.57
469.57 819.70
468.63 806.46
467.68 793.54
466.74 779.99
465.48 766.12
465.48 753.19
464.53 740.27
462.33 724.83
460.44 707.49
460.44 692.99
460.75 682.59
460.12 672.19
459.49 661.15
459.49 650.12
458.55 635.62
458.55 622.07
457.92 614.50
457.29 605.68
457.29 593.70
457.29 584.24
456.97 572.90
457.29 561.86
458.23 548.94
460.44 539.16
463.27 529.71
469.89 519.30
475.56 511.41
483.11 501.32
491.93 491.85
500.44 486.17
511.14 482.06
522.17 480.48
536.97 479.84
552.09 481.40
562.48 484.23
574.76 488.63
587.04 494.92
596.81 502.16
597.44 511.62
596.18 519.50
589.88 527.39
581.69 534.33
567.20 539.70
551.77 541.92
531.30 543.20
515.24 543.21
500.75 545.12
485.63 547.02
473.04 549.56
461.38 554.92
446.58 559.98
433.04 565.98
423.91 571.03
416.35 578.92
412.88 585.23
411.62 593.74
414.14 602.56
420.76 612.33
428.32 618.63
436.19 622.40
447.53 625.23
459.49 626.80
480.28 624.26
492.88 620.46
503.27 618.25
515.87 612.25
526.26 606.56
536.65 601.83
548.94 594.88
559.02 587.94
569.41 581.94
581.06 574.99
592.08 570.89
604.68 564.88
618.22 560.14
631.77 558.56
649.40 557.91
661.37 557.90
674.60 559.78
685.94 562.92
693.81 567.33
703.26 575.20
711.45 583.07
719.95 593.15
727.51 603.86
734.12 613.00
739.16 621.19
744.51 632.85
749.24 642.62
753.96 654.59
755.85 665.62
758.06 677.60
759.00 685.16
756.48 696.51
750.18 707.24
743.26 716.07
737.90 724.27
730.66 730.58
723.73 736.57
713.02 740.05
698.53 738.80
686.25 735.66
674.28 731.26
663.58 724.96
654.13 716.78
646.88 708.90
639.95 700.71
633.97 690.95
628.30 678.97
624.21 666.05
624.52 651.87
628.62 639.89
634.60 629.79
642.16 620.02
649.72 609.29
658.85 599.51
666.72 591.31
674.28 581.53
680.90 569.86
684.99 557.56
690.66 544.95
693.18 532.02
695.70 519.73
696.96 505.54
697.59 490.73
697.59 477.49
697.90 464.88
697.59 451.95
695.38 439.03
692.86 428.32
691.29 415.71
687.51 403.74
684.36 393.02
681.84 382.62
679.01 371.28
675.86 359.93
673.65 348.27
669.87 336.61
666.09 325.90
661.69 313.61
657.59 299.42
651.92 287.45
647.20 277.05
641.21 266.03
633.66 253.74
628.30 243.97
621.06 234.84
610.35 225.39
599.33 218.15
588.62 211.22
578.23 203.04
566.26 196.74
553.03 191.71
540.75 189.20
527.84 189.21
518.39 192.37
510.51 199.00
506.42 207.51
504.53 217.60
505.16 228.63
507.68 239.98
514.61 251.64
519.65 262.67
524.69 271.17
532.56 279.05
540.75 288.81
551.14 298.26
559.01 306.13
569.09 314.00
575.39 320.62
583.89 329.75
589.56 338.57
593.97 345.82
596.18 353.38
596.81 363.78
595.23 371.35
590.82 380.18
584.52 389.01
576.02 394.69
564.37 396.91
552.40 393.45
541.38 387.79
531.93 380.55
521.85 373.31
514.92 367.64
505.16 359.77
492.25 350.00
482.17 340.87
470.20 332.37
461.38 323.24
451.31 315.68
442.49 307.81
434.61 298.99
425.80 288.28
416.66 278.52
410.05 271.90
405.01 264.34
399.97 255.84
399.03 248.59
397.14 236.29
397.14 226.52
398.08 217.70
401.23 206.66
406.27 198.46
413.20 192.78
419.81 190.25
428.94 192.45
436.82 196.86
441.23 203.47
445.01 211.98
445.01 223.33
444.06 233.42
441.86 244.45
439.65 254.86
436.19 265.89
432.72 279.45
430.20 290.80
428.63 301.83
427.68 311.61
426.74 322.01
425.80 332.73
425.80 344.39
426.11 354.16
427.05 367.08
427.68 379.69
428.00 390.41
429.57 405.22
431.46 416.57
433.98 429.49
436.50 439.26
441.86 452.18
446.58 463.21
451.31 476.13
456.97 488.42
464.53 500.39
470.20 510.16
476.50 520.87
483.74 532.52
490.04 542.61
497.92 550.79
504.22 559.61
512.40 568.75
520.91 578.51
528.15 587.33
536.65 595.52
545.16 604.97
552.40 614.11
559.64 623.56
567.20 633.95
573.50 644.03
578.23 651.91
583.58 662.62
586.73 672.08
590.82 681.53
593.66 694.13
594.60 704.54
596.49 715.57
599.01 726.60
602.48 737.63
605.31 749.60
606.89 760.32
607.52 774.82
607.52 789.00
606.89 801.93
606.26 814.22
605.63 823.99
603.11 834.08
599.64 846.69
595.55 857.10
591.77 866.56
587.99 875.07
581.38 885.80
575.71 895.57
566.89 907.56
560.28 917.65
553.98 926.80
547.99 938.15
542.64 949.19
539.49 960.86
541.38 971.89
545.47 981.66
550.20 989.85
556.81 998.35
563.42 1004.6
575.08 1010.3
583.27 1014.4
592.40 1015.9
602.48 1015.3
612.87 1014.6
622.00 1011.8
629.56 1007.1
639.01 998.91
645.94 990.08
651.29 979.99
654.76 967.06
657.91 955.39
662.32 941.52
666.72 927.33
668.61 914.72
669.56 901.17
669.56 886.98
669.24 875.32
668.30 861.45
668.30 851.68
665.78 838.44
664.21 827.72
662.63 816.69
659.48 803.46
656.65 790.54
654.44 777.30
650.66 765.64
646.88 757.13
644.05 748.94
639.32 738.22
630.82 725.94
623.89 719.01
612.24 709.88
600.59 704.22
589.25 698.87
578.86 693.20
567.52 687.22
556.50 680.61
545.16 672.74
535.71 667.08
526.58 659.52
518.39 651.96
507.99 644.09
498.86 635.90
488.47 624.56
480.28 613.85
469.26 601.25
460.44 590.54
452.57 580.46
445.95 569.75
438.08 560.93
432.09 549.59
425.80 539.83
420.76 530.37
415.72 521.87
410.36 510.84
404.69 499.18
398.40 487.21
394.30 472.08
389.58 461.05
385.48 451.60
382.02 441.52
379.18 429.54
377.29 416.62
375.09 403.06
373.83 389.51
373.20 374.70
370.68 356.42
370.05 341.60
367.53 327.10
361.23 310.72
356.51 296.85
350.21 285.83
344.54 276.06
340.45 265.66
333.52 254.63
327.85 245.50
321.55 236.68
315.25 228.17
308.32 217.78
300.76 208.96
293.52 201.71
289.11 196.67
282.18 188.17
276.20 179.66
268.64 171.16
263.29 162.97
258.56 154.46
256.04 143.11
258.56 132.71
266.12 127.03
276.83 125.13
287.54 127.01
299.19 129.21
308.64 132.98
316.83 137.07
325.01 141.79
333.83 146.20
343.91 149.34
354.93 152.17
365.96 152.16
376.98 148.37
384.22 142.06
389.89 134.80